
BENG01.TXT.log
(21,0.18)(26,0.15)(28,0.07)(42,0.04)
NGCUT08.TXT.log
(14,0.21)(15,0.1)(927,0.07)
NGCUT10.TXT.log
(14,0.33)(16,0.28)(20,0.09)(62,0.08)(277,0.06)
NGCUT09.TXT.log
(19,0.17)(24,0.13)(33,0.11)(36,0.1)(43,0.08)(122978,0.06)
BENG07.TXT.log
(81,0.07)(96,0.06)(107,0.05)(117,0.03)(137,0.02)
HT05.TXT.log
(26,0.21)(42,0.12)(46,0.06)
HT08.TXT.log
(30,0.12)(44,0.06)(161,0.03)
NGCUT07.TXT.log
(9,0.56)(15,0.49)(18,0.12)
CGCUT02.TXT.log
(24,0.17)(25,0.15)(30,0.14)(14816,0.13)
GCUT02.TXT.log
(21,0.12)
BENG04.TXT.log
(81,0.07)(98,0.05)(113,0.05)(124,0.02)(30602,0.01)
NGCUT05.TXT.log
(15,0.22)(57,0.2)(591,0.18)(48703,0.14)(88231,0.12)(290773,0.07)
HT07.TXT.log
(29,0.14)(46,0.12)(55,0.06)(205,0.03)
HT09.TXT.log
(29,0.21)(40,0.19)(50,0.14)(64,0.09)(83,0.06)(608,0.03)
NGCUT03.TXT.log
(22,0.11)(31,0.08)(55,0.04)(85,0.01)
GCUT04.TXT.log
(51,0.06)(67,0.06)
BENG10.TXT.log
(201,0.03)(257,0.03)(312,0.02)(378,0.02)
BENG03.TXT.log
(61,0.07)(70,0.06)(78,0.05)(94,0.04)(116,0.03)
NGCUT04.TXT.log
(8,0.33)(9,0.23)(11,0.19)(1385,0.1)
BENG09.TXT.log
(161,0.04)(215,0.04)(256,0.03)(272,0.02)
NGCUT06.TXT.log
(16,0.09)(20,0.06)(26,0.03)(29709,0.0)
HT01.TXT.log
(17,0.13)(21,0.09)(30,0.05)(100539,0.0)
CGCUT03.TXT.log
(63,0.05)(76,0.05)(82,0.05)
HT03.TXT.log
(17,0.13)(22,0.09)(129,0.05)(101911,0.0)
NGCUT11.TXT.log
(16,0.16)(23,0.13)(36824,0.12)
BENG02.TXT.log
(41,0.16)(49,0.14)(56,0.08)(86,0.07)(19549,0.05)
BENG05.TXT.log
(101,0.06)(124,0.05)(136,0.04)(155,0.03)(170,0.03)(239,0.02)
NGCUT02.TXT.log
(18,0.21)(23,0.13)(32,0.11)(81,0.08)
HT04.TXT.log
(26,0.21)(42,0.17)(59,0.12)(75,0.06)
GCUT01.TXT.log
(11,0.15)(14,0.14)(177,0.12)
BENG06.TXT.log
(41,0.17)(49,0.13)(56,0.11)(68,0.09)(83,0.07)(97,0.04)
CGCUT01.TXT.log
(17,0.1)(1210,0.06)(8338,0.02)
NGCUT01.TXT.log
(11,0.17)(13,0.14)(57,0.1)(3015,0.05)
BENG08.TXT.log
(121,0.08)(147,0.07)(174,0.06)(196,0.04)(232,0.03)(747,0.02)
NGCUT12.TXT.log
(23,0.22)(29,0.13)(36,0.07)(26442,0.06)(40281,0.04)(42427,0.03)
HT02.TXT.log
(18,0.2)(22,0.09)(38,0.05)
GCUT03.TXT.log
(31,0.11)
HT06.TXT.log
(26,0.32)(46,0.21)(53,0.17)(59,0.12)(77,0.06)(306171,0.0)